patient001 13.5386928325 4.28131058922 15.5842057798 5.45762155954 8.32614136879 10.2017620239
patient002 14.5159336095 3.98783365368 16.9775900129 5.63964843752 8.73605350145 11.1386179849
patient003 13.4411332298 3.49385621484 14.7405955188 3.125 8.49876046781 9.1283497525
patient004 10.6780757288 3.05712418799 13.4652352759 3.05712418799 7.1545872931 8.44334948346
patient005 13.9778737988 4.54833984375 17.6807672202 4.79437115958 8.61408393702 10.9597881415
patient006 18.6858031864 4.97184455522 20.5746678118 3.9305882417 8.58933283698 9.48180262935
patient007 14.2900369269 5.3173828125 15.8533725749 5.01327659318 9.23461555227 9.99984648404
patient008 13.2873521138 3.22265625 14.4121568862 3.60303922156 7.87456657397 9.26735198336
patient009 15.1769643164 1.26037828438 15.9426643682 3.98566609206 8.87511372639 10.030478165
patient010 12.5972777317 3.49385621484 14.4055382145 4.41941738242 7.5710197064 8.11128390085
patient011 11.5039450526 1.43799313158 12.286218702 1.43799313158 7.36498175539 7.88489834585
patient012 12.006780338 3.33008170477 18.1176032397 1.4892578125 7.85296951875 8.79008949474
patient013 17.7664966945 4.40732540416 19.8329643187 3.11644968018 10.3622229099 12.629024466
patient014 12.6106603662 4.20355345541 13.5560525665 5.31712127415 7.89506783733 8.69551443878
patient015 10.7456623891 2.60620594398 13.0310297199 4.12077341722 6.54001556498 9.19460778092
patient016 15.3467348733 3.48429666667 14.782618804 3.48429666667 8.48844245085 8.9913297027
patient017 13.1877751254 3.271484375 14.6305228997 3.271484375 7.56253110255 8.09793388556
patient018 10.1206569706 3.20043274445 11.5393243638 4.04826278825 6.15056231548 7.09644301398
patient019 12.0166011475 4.21570256051 14.1398962473 2.980951868 7.19795592957 9.27469861635
patient020 11.3692742607 2.91137280688 11.7361189852 2.91137280688 6.42481100132 6.84140321746
patient021 24.8534608327 4.80285644532 27.2161865235 12.1924883159 13.069303928 19.1085160379
patient022 14.7392637086 3.16955090395 19.0502929688 3.16955090395 7.87391931443 11.0244673482
patient023 19.492157915 6.08066094553 23.7390275127 12.2136288933 11.4315175979 17.6981814316
patient024 14.7883939033 5.63705847252 20.8692114565 11.274116945 9.47562778437 16.786932377
patient025 20.0541870863 3.43926471149 23.8775147916 6.87852942297 9.56449328506 15.5739850516
patient026 24.9438915345 6.30531863775 25.8825457912 5.98175048052 13.6063238072 16.6489630166
patient027 20.3967504418 5.52858756532 24.5868526819 7.92645141737 11.8445982894 17.1284417169
patient028 17.293705954 6.97131574124 24.1880160333 13.671875 11.3774557507 19.280427635
patient029 21.2129406572 4.69839597969 29.2835435735 11.0571751306 11.4114570987 20.4816898228
patient030 17.8725068415 5.59420806994 25.7199342313 6.57006418168 10.526787492 15.5009863605
patient031 16.0771977386 3.21543954772 25.9237024078 10.9513924789 9.81993238946 16.9335724891
patient032 17.9330388014 7.4462890625 25.2735431557 15.3328476221 11.5720669771 20.0929405091
patient033 23.3241583179 2.63671875 25.9016520029 4.16901839964 9.1736264299 15.5829108776
patient034 25.3248566031 5.89588236255 29.1831287975 4.16901839964 13.7331110513 18.1436746408
patient035 18.6621332364 3.93432313498 23.1507421396 6.9549664203 8.84581182841 16.3686600216
patient036 20.3918080079 3.57695974831 24.0282786936 5.21427005555 8.39343132303 13.4063678742
patient037 17.7460726839 6.96058237731 20.9541277549 8.61328125 11.2608064688 16.7209342456
patient038 19.5257730356 4.84374815224 22.3285757148 6.85009432962 9.79889415471 14.5568404512
patient039 23.5326430276 5.70750428545 27.4072094702 12.7623675641 10.5964189155 19.8980530553
patient040 20.4377224217 5.18475796968 26.8639286408 8.13451755712 12.7001786377 17.0311791775
patient041 12.5676878579 2.83875132522 17.953839797 2.53905637376 7.70001070879 9.98193501299
patient042 13.7570588459 3.076171875 17.4014559433 2.17518199291 7.18847985241 8.97140349897
patient043 10.3180647046 2.57951617614 13.9508667584 1.82399338033 6.47670376303 7.79117742546
patient044 12.2625583411 2.30712890624 17.6083971664 1.15356445312 5.99618772962 8.8136739634
patient045 14.1865871657 2.03707519971 17.4047781358 3.22089869806 6.56409610462 8.75463393169
patient046 17.1875 3.49385621484 20.3725075163 4.41941738242 9.12630693973 12.5261566211
patient047 17.6367450356 1.46972875297 19.1064737886 2.93945750594 9.17593471273 10.5095510572
patient048 14.6992121323 2.72957516785 20.7160189801 4.40130770931 8.46061807328 10.9427919047
patient049 11.9935215757 2.9615890571 15.9486451635 3.74614676555 6.80795907892 8.36537443773
patient050 12.8340523724 1.30310058594 13.8521492372 2.91382149168 6.38021628753 7.9056044739
patient051 15.7831419222 1.9576578193 21.4896977309 2.76854623854 7.2232152781 9.71917165318
patient052 19.0105984391 1.36841281876 22.4436389617 1.36841281876 8.04797115442 8.52525857019
patient053 13.3107116882 4.18832707979 19.8669797368 4.18832707979 8.77896280582 10.3045982062
patient054 17.7893666439 2.73682563752 23.3032305988 1.93522796722 7.69428310967 8.99713708642
patient055 15.3378607975 1.34521938115 19.1191596848 1.34521938115 7.51972274037 9.33064479341
patient056 19.7195262224 3.68573179231 23.0542449954 4.69840458272 7.70127644115 9.80764426987
patient057 17.8020319798 6.1060465944 21.2496660011 1.43920898438 10.5610500282 13.2882368956
patient058 12.6160555589 1.80229365127 17.1454876772 3.60458730253 7.21465924346 10.1114639929
patient059 15.1769643164 2.81829152124 19.5663326701 2.81829152124 7.55854643886 10.8029902394
patient060 10.4321206216 1.82991500991 13.3219823602 1.82991500991 5.54306352291 7.0261738421
patient061 12.3046875 2.734375 16.4631175882 3.86699020961 7.08206610734 11.2834380571
patient062 13.3756006989 4.22973632814 18.3830048292 4.22973632814 8.74984319029 12.0263076348
patient063 10.6811737061 2.53168096818 16.091615966 7.59504290455 5.90128892591 11.0300734504
patient064 13.0981445312 3.70471472759 18.7536889659 5.23925781248 8.13877411202 13.3169073743
patient065 9.84375 1.40625 14.9486425492 5.07030648112 5.45407764773 9.49234889616
patient066 12.1285225628 3.15265931887 17.9452514416 5.08351040427 7.2594157106 11.9167399825
patient067 10.7456427133 2.91382149168 14.7429001742 3.90930175782 6.85414985691 10.4295132124
patient068 7.8163137664 1.72633491501 12.20703125 3.86020222189 4.88433126912 8.00867864805
patient069 10.3539805917 2.24609375 14.2940530963 4.04920309256 5.72341436479 9.47532593791
patient070 11.9381520358 2.51120915442 15.7627140379 6.04779250801 6.40679624194 11.5374428626
patient071 12.984334016 2.63671875 16.3072048669 4.16901839964 7.18078412383 10.7800947884
patient072 11.865234375 3.955078125 16.6760735985 7.91015625 7.76697621505 12.4052387673
patient073 12.1520686472 3.0380171618 17.7145319262 4.29640507294 7.54504760039 12.8830773103
patient074 14.823176532 3.125 19.3270576201 9.1108623357 7.54022791643 13.5512300763
patient075 11.2302250228 2.8075562557 14.6961558352 5.6151125114 6.72474583542 10.8455695258
patient076 14.4055382145 3.49385621484 17.8152410172 4.94105884401 6.98616923994 12.337875749
patient077 11.0526610765 4.23850203963 16.1397349213 8.15292145785 7.54852329343 12.4481479161
patient078 13.4652599315 3.8669972903 22.0452763966 7.36254349098 8.27464155753 14.3995720163
patient079 12.6037828438 3.56488812698 17.1429980648 3.98566609206 7.43335768738 12.5527024389
patient080 11.394989586 2.76369092151 17.303442154 4.94384061544 5.98477736899 11.0979721034
patient081 8.85118881613 1.25174712669 11.5405382838 1.25174712669 5.15462298428 7.4593515904
patient082 13.9369083373 4.3799477307 17.3132635769 4.64563611243 7.75381961246 11.481976608
patient083 12.939453125 3.65983001981 16.3672574208 4.66538617187 8.28213217939 9.98624932384
patient084 7.62635673772 2.17895906792 11.3745002697 3.92817432326 4.50416249016 7.36888155634
patient085 9.8744471498 2.44954886288 13.693394429 3.87307682329 5.70690831269 8.45706776484
patient086 10.3087493549 1.416015625 15.8315359735 3.1663071947 5.33088158237 8.81055159896
patient087 13.5332102416 3.3833025604 17.6451473514 3.0261178054 8.26073448061 11.469335304
patient088 11.5625301599 3.23182542868 15.9640399861 4.57049135247 7.06876104129 9.60516442081
patient089 11.930642516 2.82783347853 16.4403925063 6.32322788705 5.70167535699 10.1668474136
patient090 13.6795270608 2.3995477818 12.9219602676 1.1997738909 5.82982078588 7.27606514058
patient091 9.44795829879 1.65728151841 12.890625 2.62039216113 5.05099333536 7.76314504548
patient092 14.4454197871 4.12726279632 17.8119006225 5.26124838405 7.79772064561 11.7346511199
patient093 11.2488836158 3.30278595309 13.9344692014 3.30278595309 6.22343591487 8.97884059045
patient094 12.489607538 1.69180592101 11.0292252294 2.3925748784 5.04763654268 6.72726040145
patient095 10.0421437682 2.7587890625 14.6631650005 1.37939453125 5.32472418566 7.9133095796
patient096 13.094975922 2.76066332124 16.6786109141 3.90416751004 6.92423408494 9.61999608035
patient097 13.4773032661 3.87045593443 16.4778723799 5.47365127504 7.67414975927 11.2047681252
patient098 13.2717107286 3.8671875 18.4565662144 1.82300967025 8.86319246247 10.5067508782
patient099 11.3600176878 1.99267892252 14.50692153 4.45576552808 6.43696215268 8.51505344284
patient100 11.2379081085 2.28207338042 13.739901223 1.14103669021 6.44155790434 8.61638029814
patient101 9.7882890965 2.76854623854 12.7623675641 4.37745596064 6.27298823389 8.33192650241
patient102 13.4765625 3.17645624361 19.6452969113 5.02241830884 7.36131837534 12.7355058363
patient103 16.3672574208 5.33507319721 22.5977833842 5.33507319721 10.0404775498 11.9353822855
patient104 18.2171825471 4.52609539266 26.7384615988 9.05219078532 10.0879941722 19.06105912
patient105 24.8141601842 3.6736530903 27.026953683 7.5734298616 9.58531568929 16.1780273729
patient106 10.8091176647 3.22265625 11.279296875 3.22265625 6.66282558926 6.92151568426
patient107 9.08871706163 2.52075656876 11.6201136258 2.52075656876 5.53094842827 7.86904114102
patient108 24.7296497412 2.83203125 29.191909947 8.95566915477 10.1470887007 17.0993194058
patient109 11.6131154089 3.22089869806 14.8301313066 5.19354309698 6.49351106634 9.34809932998
patient110 12.8094050693 2.587890625 17.4082537718 4.66538617187 7.0267979926 12.6435717187
patient111 17.6176313865 6.15234375 24.7321157864 12.1187117483 12.4791479056 18.977732147
patient112 15.4153254341 2.8625540696 18.6615693756 3.20043274445 7.73947857323 10.0356017092
patient113 13.7203601067 3.2339198906 16.6476215496 3.61563235459 7.65464848859 9.19437968771
patient114 33.934068002 4.66120271783 37.8964667527 10.422766134 15.8370880864 23.9152152816
patient115 12.3047100306 3.05712978576 16.4631477331 3.8669972903 7.70291181373 9.09934639508
patient116 21.9970703125 1.82991500991 24.0687741113 2.89334967792 8.54382381765 13.144699577
patient117 13.2118799866 3.58257396768 15.7796014822 5.77672694595 8.04157217487 10.3851196682
patient118 15.2993204201 1.93522796722 19.3522796722 2.73682563752 7.81878595636 9.51090475854
patient119 9.38859329797 2.65549519472 12.5259457816 2.65549519472 5.63471305291 8.58898204005
patient120 18.957513243 2.60401471013 18.7778171188 3.49365234375 8.07059585257 10.0747551499
patient121 11.4699874971 3.52297865482 17.6148932741 7.04595730963 7.2486257974 12.0190209033
patient122 14.843762219 3.31916613635 16.3281384409 4.19844996935 8.46651053611 10.1177222956
patient123 13.8067789245 2.90427777467 19.3085333246 7.90048970027 7.6287072452 14.234135362
patient124 10.1747105152 2.52403503656 18.6334653563 1.26201751828 6.69415233581 9.87019296126
patient125 11.1504255067 1.71039719488 12.8564539777 2.41886691004 5.34826558933 7.72935578787
patient126 8.55198597439 1.71039719488 10.8849010952 2.70437541969 4.73368027742 6.68545317155
patient127 9.76041877511 1.95208375502 12.4229849456 1.95208375502 5.50448622842 7.17236400987
patient128 11.5934712671 4.06725877856 17.3157302976 6.43090078678 6.68750478706 10.7825475199
patient129 11.9754776657 2.11698536634 14.8188975644 4.7337231865 6.42547479327 10.1416654715
patient130 11.5393243638 3.20043274445 17.4709627268 4.52609539266 7.66231160048 12.9348351079
patient131 12.0483910464 2.23733004985 12.0483910464 3.1640625 6.88171515315 7.23503112089
patient132 12.5271887828 3.67810927347 13.9574433446 3.67810927347 7.85641113539 8.59732676458
patient133 17.431315785 3.33008170477 14.1283401321 1.4892578125 7.72207965601 8.4099037619
patient134 17.0275878906 2.92883415509 19.4717917063 6.5490722656 8.4483647243 13.0202393778
patient135 12.8708618574 4.66109232188 16.4794499427 5.21125964057 8.33163254597 10.4499754455
patient136 14.1384538924 4.06032732893 16.0498530065 4.30662748218 7.83729736103 9.44633033702
patient137 15.2263018305 3.07617750764 18.4570650458 2.17518597579 8.09438164375 11.5989962806
patient138 19.689592438 6.62232657895 29.1382369474 14.0792594308 12.0124197499 20.7944860617
patient139 10.048966173 2.76066332124 14.4110856208 2.76066332124 5.94199000877 9.25186583657
patient140 10.9350832187 1.63010596111 15.0288343786 3.64502773957 5.93876043138 8.33282809082
patient141 12.0463164005 3.9878409556 17.8341669204 5.8132271941 7.28056453793 11.7638795714
patient142 18.0685527593 5.39161181621 21.4103551244 15.0282228737 10.0364029507 18.6557365411
patient143 15.8355929333 3.43927100897 16.9887455624 4.61426626146 8.1283497823 10.084684693
patient144 10.8885985231 4.03005111965 16.5673828125 9.70564834292 7.1336844149 13.0891329791
patient145 18.9551303717 5.29812000418 21.3245216681 6.04078622799 11.8433084808 14.6278804065
patient146 18.6475238353 4.91405400349 25.2966412564 9.06106787014 9.52491329844 18.0478463592
patient147 15.8810950768 4.8720975634 22.3931059669 12.0578262899 9.00230302526 16.0636588027
patient148 12.7331972457 4.00165783051 17.500105732 2.00082891525 7.9794782434 9.65506124933
patient149 14.0625 3.14447059336 14.0625 6.28894118672 7.53143065156 10.6107347573
patient150 10.4384071554 3.20235713101 16.2106974514 6.09710632843 5.88929188338 11.2897882883
