patient001 0.227336259733 0.666683497399 3.6694427998
patient002 0.429941158181 1.10288817531 5.83374466241
patient003 0.202157745384 0.559407625264 3.00344218059
patient004 0.351934989934 0.858862241466 5.08174438212
patient005 0.456086629851 0.940641123305 3.81869183303
patient006 0.351270366424 0.819480687254 3.91435325294
patient007 0.273457420074 0.998825098272 2.09083751543
patient008 0.242957823858 0.646725316681 2.67714398473
patient009 0.401603574359 1.43733904931 4.00367464811
patient010 0.169459567615 0.73810046816 2.68404488021
patient011 0.30014727746 0.881537912281 2.52914268412
patient012 0.322762514542 1.06441240055 4.84492297404
patient013 0.312633548698 0.54759091444 4.60630057115
patient014 0.204208028792 0.503495104261 2.31235564064
patient015 0.245919035696 0.714618269978 3.82359813261
patient016 0.191049568932 0.948403917614 2.37072176255
patient017 0.179613879019 0.760444194046 2.38095417049
patient018 0.163418621853 0.73594623903 3.12576060046
patient019 0.320848160402 1.01105761769 5.11514197717
patient020 0.363994087253 0.990216858975 4.03691485032
patient021 0.300088655671 0.975784009938 6.69060338315
patient022 0.652723819447 1.44322715957 7.27893582593
patient023 0.56760315512 0.985101284547 12.4935092153
patient024 0.533644623318 1.16547012673 7.82414520211
patient025 0.502414937047 2.03336722203 8.36027257871
patient026 0.51415977928 1.03736168471 8.88537106023
patient027 0.427183275052 0.929357448626 9.14198040109
patient028 0.607953248828 0.985123845461 11.0836646598
patient029 0.510316262539 1.5748075177 10.0533781245
patient030 0.581414039917 0.78069063239 7.62447958727
patient031 0.515165985536 1.38111448776 9.82869873535
patient032 0.489812835093 0.711052284546 7.92456995762
patient033 0.357385284192 2.34134804015 8.79158958218
patient034 0.557479117844 1.57823515394 9.64743753428
patient035 0.617550381021 1.17410152229 6.59109703357
patient036 0.317621467743 1.79412216189 6.58789336033
patient037 0.350957105895 0.575097591763 8.15528448668
patient038 0.414634501795 1.57272195289 7.5783822673
patient039 0.301733296348 1.30943730807 7.68983034672
patient040 0.668161982655 0.634303059778 8.38172489238
patient041 0.379008573006 2.56866955441 6.38859206216
patient042 0.371715814953 2.76193000153 4.76070782232
patient043 0.489663470256 0.836492353641 4.92106364651
patient044 0.525212934265 1.67902308817 5.26958326939
patient045 0.656962319124 2.00268452858 4.25100781474
patient046 0.304204810621 0.848866063035 5.6788203208
patient047 0.615562249758 1.09023905991 4.93548629492
patient048 0.576566534961 1.56005260473 8.12975772865
patient049 0.471642199073 1.05440809488 3.6358993713
patient050 0.244505142652 1.17321117564 2.51265741518
patient051 0.480824300071 1.88874082087 5.87634641099
patient052 0.43416663791 2.34712140805 6.42353034188
patient053 0.518200151901 1.17851720081 8.10373332726
patient054 0.415515379336 1.15841365796 5.30096621403
patient055 0.653570714597 1.22966234934 5.27587531695
patient056 0.457388945362 1.9933673548 5.60320500373
patient057 0.74425217734 1.26436081245 6.39390898063
patient058 0.576006945339 1.60969323392 5.82844552307
patient059 0.455090894965 2.45982858454 5.67137390588
patient060 0.316079008757 1.24550767419 6.55157249633
patient061 0.382946255222 0.781876697029 5.00786511882
patient062 0.368970028957 0.638977440244 5.81377582665
patient063 0.297177766369 1.42494036127 7.53943416138
patient064 0.38443100327 0.944889327814 4.95923589644
patient065 0.326417712239 1.07518602254 5.74322691212
patient066 0.424996411475 0.740898664529 7.21128764778
patient067 0.478351173835 1.51975614272 6.34417570631
patient068 0.280977431948 1.02324590117 6.6669456579
patient069 0.525859972725 0.671253179783 4.57302851767
patient070 0.310104961128 0.848404329566 6.15105754546
patient071 0.719190326488 1.47781146004 6.20242040576
patient072 0.579767865347 0.780178524883 6.31819715513
patient073 0.472343689019 1.47837523119 8.73400616053
patient074 0.441269981846 1.19960341418 5.01161095299
patient075 0.35971664699 0.847509197658 4.95221192636
patient076 0.386256345166 1.31730885538 6.11364829625
patient077 0.401247036793 0.922300677603 6.90858629152
patient078 0.376610969528 0.842530575126 6.85624892272
patient079 0.508812929855 1.01484171756 6.69904491201
patient080 0.277231047302 0.89237289524 5.83865073976
patient081 0.497196426619 1.34555502565 6.66862206226
patient082 0.470693970142 1.28776671186 6.77102491352
patient083 0.747610393526 0.713612693646 4.80619485717
patient084 0.621344507284 1.50585628208 3.94032943182
patient085 0.653743802844 0.988568296081 4.47218813546
patient086 0.470264110472 2.07838360384 5.66117400924
patient087 0.286764753673 0.675776048983 5.54161781894
patient088 0.430570086685 1.22697490562 6.15080883235
patient089 0.494749119523 1.30895308212 3.84598192915
patient090 0.688984215785 1.72532696654 7.55418623014
patient091 0.442994384318 1.6062347204 7.03053317416
patient092 0.589424201272 1.28066562024 6.25062268652
patient093 0.694466761194 1.92420156763 11.2258188067
patient094 0.607716544063 1.10675656493 3.80195024038
patient095 0.605737676009 1.27016469957 5.82511438436
patient096 0.439149830447 1.05689687037 5.55501116867
patient097 0.411861127466 1.08985837237 5.63851731399
patient098 0.819893000651 1.5200748913 8.32960100008
patient099 0.322944530856 1.29121379345 4.32635827245
patient100 0.354926291595 0.650141066714 5.36010407114
patient101 0.243130548472 0.71584684121 2.34917390213
patient102 0.426174561572 0.827551763856 6.40353761471
patient103 0.497671525453 1.72115557325 7.76047255548
patient104 0.534676318369 1.41602844821 10.4995828359
patient105 0.459100887042 1.78934896848 8.40433365372
patient106 0.157621446508 0.828040818742 2.2214001604
patient107 0.331118968735 0.978045545705 5.45111651046
patient108 0.577106862757 1.90823285084 8.16986281308
patient109 0.289777419006 1.22338983129 6.38598834556
patient110 0.469690098502 0.935266285758 4.47313174411
patient111 0.417137600472 0.515374741414 5.30095069536
patient112 0.450863921215 1.22822612041 5.69222521826
patient113 0.282677011776 0.882736884185 4.3246413003
patient114 0.368281779232 1.73970827935 9.85569024611
patient115 0.479994146073 1.22725297974 6.35132866878
patient116 0.401106514877 2.06896676974 7.36991794881
patient117 0.23911303137 0.701911247982 3.42415228445
patient118 0.595686274819 1.13816988405 4.67015378332
patient119 0.414201391986 2.20969616376 11.3126609849
patient120 0.338040706883 1.30893494105 3.55799407389
patient121 0.321976069112 1.15723188266 6.27651629626
patient122 0.306074131262 0.850760647019 5.70586471232
patient123 0.343907407328 0.925085298917 6.86924306843
patient124 0.616967569488 1.31425603733 7.55476404287
patient125 0.533468752811 1.62592819563 6.10088772256
patient126 0.55003005063 1.73211173912 6.20429949292
patient127 0.442461819345 1.58820558074 7.20610946496
patient128 0.269888024345 0.947358853366 7.31433518431
patient129 0.383378347611 0.88959202973 6.18573680914
patient130 0.552211728159 1.62905634622 6.14749978707
patient131 0.160804094525 0.999793078729 2.40048533191
patient132 0.207341830662 0.572125392519 2.92211258969
patient133 0.225830568122 1.05561992485 3.73889182509
patient134 0.337056470049 0.977125013129 4.73458548366
patient135 0.300625174751 0.872324119592 4.695701571
patient136 0.360248282323 0.992694089632 5.05035025864
patient137 0.477177155407 1.64839426414 6.31321691001
patient138 0.627962458804 0.577269756898 8.22207851151
patient139 0.458784453313 1.24330276185 6.45229581498
patient140 0.641880176354 2.60871143718 11.1269096061
patient141 0.508615252567 1.36197926083 9.50557399363
patient142 0.336399454372 0.817319070394 7.56657219221
patient143 0.425768629145 1.27611698773 3.31993324782
patient144 0.40167015968 1.37904695667 7.07885297588
patient145 0.434662293512 1.22290770193 5.59120771759
patient146 0.478679275261 1.4308382756 6.12174425282
patient147 0.523259770147 0.899098054885 7.16261216298
patient148 0.448079318588 0.914680792312 4.82250549223
patient149 0.427392440048 1.13695343702 4.5241523731
patient150 0.296731671103 1.06990925685 7.69707328934
