patient001 1.5625 124 1.513671875 128 10.0
patient002 1.3671875 132 1.40991210938 128 10.0
patient003 1.5625 128 1.5625 128 10.0
patient004 1.3671875 128 1.3671875 128 10.0
patient005 1.40625 138 1.51611328125 128 10.0
patient006 1.7578125 128 1.7578125 128 10.0
patient007 1.875 121 1.7724609375 128 10.0
patient008 1.5625 132 1.611328125 128 10.0
patient009 1.3671900034 118 1.26037828438 128 10.0
patient010 1.5625 128 1.5625 128 10.0
patient011 1.48438000679 124 1.43799313158 128 10.0
patient012 1.5625 122 1.4892578125 128 10.0
patient013 1.4453099966 138 1.55822484009 128 10.0
patient014 1.3671900034 176 1.87988625467 128 10.0
patient015 1.3671900034 122 1.30310297199 128 10.0
patient016 1.4453099966 138 1.55822484009 128 10.0
patient017 1.5625 134 1.6357421875 128 10.0
patient018 1.3671900034 134 1.4312770348 128 10.0
patient019 1.4453099966 132 1.490475934 128 10.0
patient020 1.7578099966 106 1.45568640344 128 10.0
patient021 1.6796875 122 1.60095214844 128 10.0
patient022 1.40625 102 1.12060546875 128 10.0
patient023 1.4453125 100 1.12915039062 128 10.0
patient024 1.5625 112 1.3671875 128 10.0
patient025 1.3671875 144 1.5380859375 128 10.0
patient026 1.3671875 132 1.40991210938 128 10.0
patient027 1.3671875 122 1.30310058594 128 10.0
patient028 1.5625 112 1.3671875 128 10.0
patient029 1.3671875 122 1.30310058594 128 10.0
patient030 1.4453125 92 1.03881835938 128 10.0
patient031 1.484375 124 1.43798828125 128 10.0
patient032 1.5625 122 1.4892578125 128 10.0
patient033 1.5625 108 1.318359375 128 10.0
patient034 1.5625 108 1.318359375 128 10.0
patient035 1.6796900034 106 1.39099328406 128 5.0
patient036 1.4453099966 112 1.26464624703 128 10.0
patient037 1.875 84 1.23046875 128 10.0
patient038 0.833333015442 186 1.21093703806 128 10.0
patient039 1.64061999321 108 1.38427311927 128 10.0
patient040 1.48438000679 124 1.43799313158 128 10.0
patient041 1.78570997715 91 1.26952818688 128 10.0
patient042 1.7578125 112 1.5380859375 128 10.0
patient043 1.91963994503 86 1.28975808807 128 6.5
patient044 1.3671875 108 1.15356445312 128 10.0
patient045 1.5625 118 1.4404296875 128 10.0
patient046 1.5625 128 1.5625 128 10.0
patient047 1.6796900034 112 1.46972875297 128 10.0
patient048 1.5625 100 1.220703125 128 10.0
patient049 1.3671875 124 1.32446289062 128 10.0
patient050 1.3671875 122 1.30310058594 128 10.0
patient051 1.64061999321 108 1.38427311927 128 10.0
patient052 1.48438000679 118 1.36841281876 128 10.0
patient053 1.3671900034 124 1.32446531579 128 10.0
patient054 1.48438000679 118 1.36841281876 128 10.0
patient055 1.48438000679 116 1.34521938115 128 10.0
patient056 1.3671900034 122 1.30310297199 128 10.0
patient057 0.703125 262 1.43920898438 128 10.0
patient058 1.40625 116 1.2744140625 128 10.0
patient059 1.3671900034 118 1.26037828438 128 10.0
patient060 1.5625 106 1.2939453125 128 10.0
patient061 1.3671875 128 1.3671875 128 10.0
patient062 1.3671875 132 1.40991210938 128 10.0
patient063 1.3671875 106 1.13220214844 128 10.0
patient064 1.4453125 116 1.30981445312 128 10.0
patient065 1.875 96 1.40625 128 10.0
patient066 1.3671875 132 1.40991210938 128 10.0
patient067 1.3671875 122 1.30310058594 128 10.0
patient068 1.5625 100 1.220703125 128 10.0
patient069 1.5625 92 1.123046875 128 10.0
patient070 1.5625 92 1.123046875 128 10.0
patient071 1.5625 108 1.318359375 128 10.0
patient072 1.5625 108 1.318359375 128 10.0
patient073 1.640625 106 1.35864257812 128 10.0
patient074 1.5625 128 1.5625 128 10.0
patient075 1.78570997715 90 1.25557732768 128 5.0
patient076 1.5625 128 1.5625 128 10.0
patient077 1.40625 122 1.34033203125 128 10.0
patient078 1.3671900034 128 1.3671900034 128 10.0
patient079 1.3671900034 118 1.26037828438 128 10.0
patient080 1.7578099966 90 1.23596015386 128 10.0
patient081 1.65179002285 97 1.25174712669 128 5.0
patient082 1.78570997715 111 1.54854537081 128 5.0
patient083 1.5625 106 1.2939453125 128 10.0
patient084 1.3671900034 102 1.08947953396 128 5.0
patient085 1.215280056 129 1.22477443144 128 5.0
patient086 1.5625 116 1.416015625 128 10.0
patient087 1.4453099966 134 1.5130589027 128 10.0
patient088 1.65179002285 112 1.44531626999 128 5.0
patient089 1.45833003521 111 1.26464557741 128 10.0
patient090 1.78570997715 86 1.1997738909 128 10.0
patient091 1.5625 96 1.171875 128 10.0
patient092 1.68269002438 111 1.45920775551 128 5.0
patient093 1.5625 121 1.47705078125 128 7.0
patient094 1.68269002438 91 1.1962874392 128 5.0
patient095 1.5625 113 1.37939453125 128 5.0
patient096 1.68269002438 105 1.38033166062 128 5.0
patient097 1.48438000679 118 1.36841281876 128 10.0
patient098 1.25 132 1.2890625 128 10.0
patient099 1.78570997715 101 1.40903677884 128 5.0
patient100 1.31579005718 111 1.14103669021 128 10.0
patient101 1.64061999321 108 1.38427311927 128 10.0
patient102 1.5625 92 1.123046875 128 10.0
patient103 1.5625 106 1.2939453125 128 10.0
patient104 1.3671900034 134 1.4312770348 128 10.0
patient105 1.48438000679 112 1.29883250594 128 10.0
patient106 1.5625 132 1.611328125 128 10.0
patient107 1.3671900034 118 1.26037828438 128 10.0
patient108 1.5625 116 1.416015625 128 10.0
patient109 1.5625 118 1.4404296875 128 10.0
patient110 1.5625 106 1.2939453125 128 10.0
patient111 1.40625 112 1.23046875 128 10.0
patient112 1.3671900034 134 1.4312770348 128 10.0
patient113 1.68269002438 123 1.6169599453 128 10.0
patient114 1.3671900034 138 1.47400172241 128 10.0
patient115 1.3671900034 128 1.3671900034 128 10.0
patient116 1.5625 106 1.2939453125 128 10.0
patient117 1.3671900034 150 1.60217578523 128 10.0
patient118 1.48438000679 118 1.36841281876 128 10.0
patient119 1.68269002438 101 1.32774759736 128 5.0
patient120 1.40625 106 1.16455078125 128 10.0
patient121 1.66666996479 121 1.57552395109 128 10.0
patient122 1.69642996788 112 1.4843762219 128 10.0
patient123 1.48438000679 112 1.29883250594 128 10.0
patient124 1.68269002438 96 1.26201751828 128 5.0
patient125 1.68269002438 92 1.20943345502 128 5.0
patient126 1.68269002438 92 1.20943345502 128 5.0
patient127 1.68269002438 105 1.38033166062 128 5.0
patient128 1.48438000679 124 1.43799313158 128 10.0
patient129 1.65179002285 116 1.49693470821 128 5.0
patient130 1.3671900034 134 1.4312770348 128 10.0
patient131 1.40625 144 1.58203125 128 10.0
patient132 1.3671900034 154 1.64490047283 128 10.0
patient133 1.5625 122 1.4892578125 128 10.0
patient134 1.4453125 116 1.30981445312 128 10.0
patient135 1.95311999321 108 1.64794499427 128 10.0
patient136 1.64061999321 112 1.43554249406 128 10.0
patient137 1.3671900034 144 1.53808875382 128 10.0
patient138 1.3671900034 124 1.32446531579 128 10.0
patient139 1.68269002438 105 1.38033166062 128 5.0
patient140 1.68269002438 124 1.63010596111 128 5.0
patient141 1.3671900034 132 1.409914691 128 10.0
patient142 1.3671900034 140 1.49536406621 128 10.0
patient143 1.3671900034 144 1.53808875382 128 10.0
patient144 1.40625 116 1.2744140625 128 10.0
patient145 1.7578099966 122 1.67541265301 128 10.0
patient146 1.48438000679 134 1.55396031961 128 10.0
patient147 1.736109972 127 1.72254661284 128 5.0
patient148 1.48438000679 122 1.41479969397 128 10.0
patient149 1.40625 128 1.40625 128 10.0
patient150 1.3671900034 106 1.13220422156 128 10.0
