patient001 130.126895626 61.8308341918 81.755739966 0.259982230583 0.474550947075 1.02710235654 0.475157990163 0.291816429501 0.628277033527
patient002 129.767636573 43.7804119921 96.8432616307 0.278466184429 0.68914996146 1.17255676569 0.337375428483 0.193196409966 0.746282079169
patient003 135.776200412 91.3179038606 92.7770122324 0.159638795231 0.0779948368031 0.952471806764 0.672561933413 0.399547671214 0.683308355594
patient004 169.416640745 62.260890994 100.351593734 0.138928533451 0.350061621112 1.13812753927 0.367501626288 0.230794004024 0.592336108738
patient005 143.229160582 82.860349371 96.5437178947 0.232053179938 0.477719383803 1.18594878865 0.578515918365 0.34557849035 0.67405071357
patient006 145.413383882 139.627088115 93.6041728038 0.164175628539 0.193963012531 1.04993062359 0.960207956019 0.584170845235 0.643710849062
patient007 124.426100584 109.444649177 86.724032819 0.124848949499 0.24087275379 0.992681676049 0.879595588573 0.518326213737 0.696992290301
patient008 116.518958168 64.1670471683 72.0752128471 0.230832763894 0.385044191546 1.01394545878 0.550700488375 0.340238761478 0.618570694247
patient009 149.146276532 42.0472096658 111.082156161 0.113630595449 0.544359271941 1.09219255005 0.281919271761 0.161578076733 0.74478665337
patient010 152.967425539 137.909543126 87.7537624727 0.108801659119 0.22451272587 0.990327816128 0.901561509844 0.572901555799 0.573676141594
patient011 114.959911671 90.1902142991 69.1664855714 0.139551599731 0.190893282409 1.02736887866 0.784536217787 0.489827725139 0.601657434895
patient012 169.728701842 24.2946086261 100.35927387 0.172457493002 1.0 1.05090158985 0.143137892192 0.0899507227678 0.591292296356
patient013 141.858209358 69.34692269 128.937032734 0.303604026355 0.247548009259 1.10453573732 0.488846736497 0.256086193222 0.908914847564
patient014 152.057727658 94.8428507526 89.8480961698 0.131338637684 0.0477127695782 1.01352756025 0.623729238976 0.392065181614 0.590881486614
patient015 113.907531475 61.7121397102 63.813564032 0.326471346455 0.400482822666 1.21369011972 0.541774006609 0.347241499576 0.560222517385
patient016 205.073081531 130.577151782 118.192843237 0.0998901895739 0.166731834945 1.00976058452 0.636734723091 0.403931072771 0.576344990553
patient017 150.170633561 115.812023942 73.7395753832 0.118264392562 0.0753203372849 1.01717028525 0.771202872329 0.5172252953 0.491038584806
patient018 93.8017444164 80.0893158109 46.7642737213 0.238817693149 0.170862536397 1.05978892027 0.85381478041 0.569762997288 0.498543753235
patient019 132.210072974 68.0896175997 68.5812798343 0.275095339668 0.409394418465 1.17635721905 0.515010816258 0.339106324289 0.518729611834
patient020 88.9845893039 64.9793038869 43.9102376053 0.148510163685 -0.00214086654344 1.03467559753 0.73023098039 0.488952846384 0.493458900568
patient021 64.290741929 60.7661198318 97.5619704276 0.666285720236 0.728042088534 1.08862575224 0.945176832754 0.375440849567 1.51751196985
patient022 42.5721919933 34.068433606 43.6969315782 0.621823375854 0.422439802402 1.15417778466 0.800250868251 0.394908771477 1.02641958359
patient023 37.2120197135 34.4316291747 72.1421472533 0.742716675016 0.594574315686 1.04660281724 0.925282460876 0.314863439865 1.93867862612
patient024 42.9654619684 37.8641460367 51.0749737881 0.747387526784 0.489001056398 1.35432661785 0.881269380149 0.402636862878 1.18874489993
patient025 78.1385591566 67.4291072568 74.4995676304 0.64366720655 0.618224799283 1.29491710195 0.862942802947 0.441757958357 0.953428991199
patient026 78.7842006262 67.6123913509 130.028311284 0.40760469969 0.462408317146 1.09974856973 0.858197339232 0.32379473209 1.65043638509
patient027 78.3418885635 43.6837776348 112.22894304 0.616752704926 0.550422966605 1.15268822777 0.55760434725 0.229225938026 1.43255345381
patient028 60.3533340167 79.0474028241 87.4463672435 0.718542726019 0.543682828554 1.26816134698 1.30974376332 0.534827893089 1.44890698531
patient029 94.9868751095 67.8218704769 122.744903876 0.792718778438 0.589481204106 1.17894408206 0.714013071792 0.311492749441 1.29223015006
patient030 56.9403823217 47.4785862483 89.1094764448 0.762146085205 0.615312340637 1.15514877203 0.833829776205 0.325084780289 1.56496097868
patient031 79.6010498646 55.6619562413 80.9304665791 0.728720451784 0.536549895456 1.19334040109 0.699261584313 0.346735379285 1.01670099473
patient032 55.0766053476 51.3106985647 72.8574240685 0.763648422039 0.680658458621 1.13124903818 0.931624203068 0.401071542879 1.32283795649
patient033 64.7220318915 52.6422897234 67.6025679249 0.649119171215 0.711391562876 1.24646450534 0.813359657985 0.397826933136 1.04450626702
patient034 63.7512617866 45.9415467637 113.341339538 0.739605149593 0.74709407654 1.21660606054 0.720637450557 0.259421039728 1.77786817643
patient035 50.31742429 68.5226189028 49.0174570085 0.652033662709 0.483343524615 1.4609972797 1.36180696587 0.689814272762 0.974164669597
patient036 65.4800392711 54.8519143542 57.6346564731 0.606943482276 0.530699449973 1.33903904156 0.837689087619 0.445535068114 0.880186650996
patient037 23.845223511 17.7999080257 45.6519910461 0.84108113582 1.0 0.802146511905 0.746476879007 0.256124049563 1.91451302711
patient038 76.4288991556 70.952187694 81.3059199617 0.58799864157 0.405662534037 1.23724881678 0.928342400295 0.449819438036 1.06381121356
patient039 58.8425230832 54.6288798637 65.8985867812 0.762244988123 0.577101565031 1.37879100867 0.928391187212 0.437938061664 1.11991436343
patient040 60.9396105651 53.4565483713 104.937022731 0.465716000184 0.555935668119 1.15333802621 0.877205283651 0.322266899858 1.72198380919
patient041 49.6357416512 42.3153194588 39.1009047963 0.359168346132 0.34759391497 1.24830451962 0.852517118735 0.476864082122 0.78775703748
patient042 87.144196438 71.3151546473 57.9679472094 0.322045644346 0.507457639936 1.15650729753 0.818358049788 0.491448564226 0.665195728217
patient043 80.3376080233 52.0143982919 47.3418400748 0.301149686975 0.41311174849 1.13827381639 0.647447684486 0.407382699931 0.589286154264
patient044 60.884223711 48.4749811087 45.0657470742 0.421224408916 0.712838492847 1.33345784917 0.796182954368 0.457527083296 0.740187594214
patient045 110.589508555 78.4373900491 56.1626276864 0.277352182027 0.473345091942 1.21424774667 0.709266105563 0.470383119623 0.507847701108
patient046 88.6916803116 76.3467471683 78.7569815408 0.433703737107 0.490660682702 1.14022373242 0.860810697238 0.455941219976 0.887986125239
patient047 88.6639654457 42.4882912829 77.6777456914 0.12654753789 0.531291040402 1.08967057529 0.479205854027 0.255427763683 0.876091491068
patient048 73.9624087421 37.7512721328 65.6641141417 0.292679226608 0.708369041301 1.18258162837 0.510411610099 0.270373216729 0.88780388928
patient049 63.2759631118 26.8142927677 40.346670043 0.220793996336 0.751757857849 1.22238719781 0.423767437887 0.258768687413 0.637630279475
patient050 154.747002902 44.2344587016 79.7367100133 0.237362642089 0.732679366396 1.09440956808 0.285850180436 0.188646188477 0.515271433486
patient051 95.3319871451 62.4785138651 64.6907525162 0.374924464382 0.449626161982 1.20599640147 0.65537828106 0.390435221878 0.678583909279
patient052 72.8857224377 62.2830588689 58.2916030537 0.337260033745 0.561831791943 0.992761257516 0.854530308348 0.47480049342 0.799767102584
patient053 68.5621269355 45.2845469505 56.3700825798 0.27277424257 0.429372873865 1.12612687085 0.660489237639 0.362472953342 0.82217523142
patient054 84.9079755691 36.58117019 50.2480012497 0.272422808855 0.700696708702 1.2376645733 0.430833145471 0.270658916098 0.591793655577
patient055 70.2167215793 67.4506364232 58.6627514025 0.291437165045 0.519432073822 1.13297623647 0.960606461055 0.523362137217 0.835452725263
patient056 95.0839387245 70.6232795288 69.1366734206 0.36072064139 0.316131749138 1.15942872194 0.742746677054 0.43005125 0.72711200596
patient057 51.1988511839 55.9178679592 63.9050316633 0.293088427888 0.500403359029 1.19085602349 1.09217036449 0.485803489648 1.24817315595
patient058 82.4436753705 52.5518337358 61.1303450218 0.320130497014 0.672607206666 1.24429789711 0.63742711008 0.366026065107 0.741480104412
patient059 73.0000231011 70.5834711619 62.1260817966 0.450256433388 0.655748001501 1.2419328084 0.966896559254 0.522352592161 0.851041947078
patient060 120.328961137 69.6137389066 57.7178715079 0.306027173543 0.512291345357 1.12751067638 0.578528545821 0.39098555067 0.479667329981
patient061 57.7930827794 67.4702912224 42.2986343929 0.619915246542 0.605387760881 1.13351966055 1.1674457907 0.674084660834 0.731897873563
patient062 77.3278432965 79.1981299001 71.5488361754 0.553538168155 0.329613740906 1.11731176986 1.02418645761 0.531971361674 0.925266154146
patient063 58.3630064477 66.6070566538 40.543686662 0.6692298009 0.476005764793 1.37789404821 1.14125472123 0.673433258757 0.694681256668
patient064 57.1451314297 72.7200527643 55.8815986116 0.593183441904 0.402546235263 1.25590940263 1.27255027585 0.643388097114 0.977889055701
patient065 61.0150119244 72.3787204359 31.6345943244 0.647207477058 0.597856992922 1.17272559743 1.18624446924 0.781209153135 0.518472312414
patient066 72.9566358566 78.3151030524 53.7946401077 0.637064385773 0.463330313965 1.13858081135 1.07344729006 0.617864415617 0.737350886264
patient067 74.4029319927 92.3298410928 58.4443453044 0.588450065644 0.373256984934 1.17558662746 1.24094358408 0.695007402269 0.78551131977
patient068 64.3272793391 62.4633650822 31.3682041246 0.601586236731 0.474246477931 1.21695179196 0.971024512834 0.652730545072 0.487634553285
patient069 41.5297275599 45.2095997185 32.8562055938 0.575673367308 0.618936551646 1.30839263565 1.08860814589 0.607770821737 0.791149076198
patient070 40.0913391394 42.9274335497 28.6380184267 0.600298816094 0.376308332084 1.43096077124 1.07074082511 0.624586567806 0.714319327852
patient071 88.6452640958 93.6906227951 66.7642371735 0.522580977289 0.549309493563 1.05920305875 1.05691628031 0.602862901109 0.753161918513
patient072 57.9049632159 61.2133533316 49.2988089644 0.590475847251 0.453529960712 1.18609039338 1.05713482803 0.570999994558 0.851374497565
patient073 49.1895988173 58.6230436737 37.0748455526 0.656934477841 0.391369182698 1.3944479875 1.19177722696 0.679573654034 0.753713110983
patient074 64.7177831859 81.6280002906 46.2084424359 0.617110916865 0.604300480665 1.29593536484 1.26129166162 0.735876478561 0.713999153883
patient075 48.4044785302 51.4078367222 35.3593399445 0.525112996947 0.303010563135 1.31615083647 1.06204711389 0.613723653701 0.730497280793
patient076 66.494440485 73.2450539244 46.2269509674 0.599174514496 0.56643040359 1.30577085547 1.10152147142 0.64978841177 0.695200239752
patient077 62.7790255795 68.4417239817 46.1394854433 0.600173113357 0.505915485227 1.21780655459 1.09020048256 0.628375501455 0.734950646611
patient078 73.047305485 74.1229358194 57.7853256232 0.670241734057 0.507737863822 1.29072964926 1.01472511994 0.566547773224 0.791067175436
patient079 53.4585338934 55.4893618527 48.9379236372 0.595173470204 0.440253789845 1.33411150198 1.03798884502 0.541907046307 0.915437070062
patient080 48.4922297496 52.1433713272 29.7935972147 0.633149390722 0.494859286563 1.43103732528 1.07529333249 0.666064003527 0.614399407257
patient081 81.282135446 88.0074652212 41.6776439366 0.489268874689 0.146995567356 1.09781658989 1.08274056456 0.715741892699 0.512752817183
patient082 65.50253456 89.1371378034 52.5726096432 0.562406551065 0.500859034867 1.18376066326 1.36081967518 0.754918729128 0.8026042045
patient083 20.1826792018 94.0173560981 34.1898471857 0.484108942475 0.0693918827491 1.0296747307 4.65831890593 1.72913348606 1.69401925502
patient084 43.0464905753 80.1652965585 26.7722801621 0.641402258636 0.444986192074 1.07480337353 1.8622957525 1.14819117713 0.621938741214
patient085 42.9310544274 98.8353190907 31.0458288213 0.536320994397 0.321922138119 1.18068377144 2.30218708599 1.33602978052 0.723155516102
patient086 42.8801019424 118.727205908 26.1189293997 0.596799580497 0.0617029328883 1.36133080169 2.7688181821 1.7207082998 0.609115375582
patient087 83.2793711536 116.23733949 63.5695164958 0.391983045528 0.347801359135 1.23738106421 1.39575188765 0.79154388808 0.763328488378
patient088 73.2096208218 86.3402028057 51.7402130298 0.563528987964 0.481909163903 0.879472704565 1.17935596219 0.690998940489 0.706740623008
patient089 27.9357499972 39.5419445277 21.1846318211 0.601069870642 0.04814062014 1.39543894332 1.41546028053 0.80500075659 0.758334099614
patient090 41.3055330416 118.361642509 32.1160219317 0.471128916177 0.187112488691 1.04970233209 2.86551543566 1.61208302592 0.77752348334
patient091 70.5537748184 98.9880825237 35.7663065497 0.576725508767 0.423694617299 1.09074734037 1.40301610762 0.931038438365 0.506936824312
patient092 57.6318744831 112.091866328 49.1788611946 0.621212365635 0.369024973477 1.1047184073 1.94496304925 1.04944381871 0.853327462203
patient093 48.741519259 154.189390675 34.7540714301 0.580772282574 0.393590591002 1.04125003867 3.16340961503 1.84667704489 0.713028070492
patient094 33.1502234002 64.9331129779 23.2292009779 0.512639642436 0.595920507833 0.973717614611 1.95875340549 1.15171649399 0.700725322344
patient095 61.7466221242 106.277198641 32.0512107957 0.51985889218 0.351118204981 1.15988282814 1.72118238997 1.13304535225 0.519076342852
patient096 76.4919594626 135.296949438 55.8051964438 0.516306337986 0.206647883174 1.03935126924 1.76877348141 1.0226746638 0.729556372145
patient097 53.6014469346 87.9630618033 45.7148835421 0.592493910085 0.326389812547 1.14621954826 1.64105759889 0.885685781796 0.852866595148
patient098 51.3654406984 98.4199116623 61.1154322086 0.587173152657 0.0764845948963 1.04628856799 1.91607256405 0.874992424211 1.18981617558
patient099 67.0958800246 96.2409226264 42.8112084597 0.434008517607 0.300421055439 1.08567827228 1.43437901986 0.875657102318 0.638060167689
patient100 38.8108194293 93.5525473855 35.0391162414 0.557143606547 0.2991861819 1.2429007231 2.41047596421 1.26679253727 0.902818254204
patient101 106.602298834 62.9479809753 60.2768727221 0.286396926395 0.548304841972 1.08656236559 0.590493654114 0.377206935943 0.565436893778
patient102 38.4490811896 46.4460990979 39.5333875874 0.72099993411 0.680238753061 1.15185895643 1.20798983125 0.595596674821 1.02820110037
patient103 69.665871772 35.1316778397 71.8415467737 0.30608488918 0.74199790147 1.14921205179 0.504288210944 0.248267392627 1.03123014105
patient104 66.3972032574 58.8513242021 78.8320236781 0.882129510007 0.695480383106 1.16622530887 0.886352456353 0.405230582328 1.18727928001
patient105 65.1496713727 52.9607285789 74.4941045644 0.784474235481 0.650845785385 1.00355114079 0.812908606644 0.379255919023 1.14343024293
patient106 120.806703366 130.644267942 57.4462662836 0.0880363921717 0.199375562668 1.00601953306 1.08143227405 0.732914958996 0.475522174542
patient107 81.7051000554 80.9865266893 49.1833396464 0.586721477994 0.330769826933 0.962711978608 0.991205281364 0.61874468726 0.601961684314
patient108 76.249805655 80.8334038055 77.6292315976 0.834966275277 0.694451699147 0.960410973672 1.06011291584 0.525304844953 1.01809087814
patient109 82.4986035183 114.489168383 50.3636512816 0.511934075526 0.290282614873 1.06497211765 1.38777098642 0.861713272557 0.61047883399
patient110 50.9678802624 65.2921470325 42.3741090431 0.686360071631 0.426463082342 1.26118879046 1.28104497767 0.699493845356 0.831388490652
patient111 37.3542172861 34.1445231187 53.9713751491 0.69103604281 0.58431428939 1.20540068215 0.914074115304 0.373876831326 1.4448535954
patient112 94.7720155186 77.179155739 67.1980639481 0.437892952882 0.62643897407 1.04978050401 0.814366512273 0.47650254907 0.709049644881
patient113 128.037148795 73.2470835848 74.1601266198 0.176791253806 0.37879998607 1.1624536097 0.572076809536 0.362255541943 0.579207888629
patient114 95.7615358611 54.4577969285 173.858717767 0.684623819345 0.37205106384 1.13852303836 0.568681323234 0.201979622063 1.81553810937
patient115 81.5593698044 65.0401699771 59.9448667598 0.371281999229 0.340808021049 1.12856019352 0.797457976112 0.459634082741 0.734984427952
patient116 66.7675301854 56.842902745 67.3851864663 0.638487537678 0.537165618043 1.11572078624 0.851355480533 0.423717865457 1.00925084812
patient117 165.146537291 91.6152118292 84.9845964834 0.299356902311 0.560923632819 1.06861484759 0.554751031006 0.366268726515 0.514601140766
patient118 71.6017350696 71.3519223319 61.0696621926 0.297978588552 0.529007379544 1.13091935498 0.996511079831 0.537809383216 0.852907574562
patient119 78.7370521582 133.088001935 45.2414089547 0.569622574932 0.508170309273 1.09194333324 1.69028428531 1.07347680186 0.574588554113
patient120 79.5754099868 35.1188659513 66.736591714 0.333147571583 0.494104432298 1.10511673122 0.441328118285 0.240027240028 0.838658471568
patient121 75.7790798807 110.432590052 51.7322724312 0.648541082506 0.410708056178 1.14996726395 1.45729652862 0.866060849091 0.682672216562
patient122 118.104932394 60.169028024 81.5257942879 0.395814177173 0.446357575361 1.00727640756 0.509453981338 0.301401638034 0.690282722618
patient123 61.8332155135 64.747221 51.4619416004 0.718073972942 0.523465462886 1.23612738608 1.04712686316 0.571491515166 0.832270183154
patient124 64.3071377602 118.887108451 55.9955177154 0.550473780112 0.25405662106 1.13101878123 1.84873892062 0.988233451547 0.87075120532
patient125 73.0044541933 80.45770254 46.9517541546 0.613331325425 0.514752291643 0.968575177791 1.10209306307 0.670725622693 0.643135472669
patient126 60.5467930113 122.994998023 38.1974838572 0.612503846134 0.53253296394 0.884070225253 2.03140400846 1.2455911565 0.630875426385
patient127 84.6511987358 132.081422555 49.5857310184 0.53958981384 0.454206894841 0.924167848316 1.56030185665 0.983942517138 0.585765255058
patient128 79.4523220474 76.4869947858 51.1328407106 0.53520104044 0.381349349964 1.25581343994 0.96267790311 0.585725002522 0.643566347627
patient129 86.6600756323 124.451876454 50.6486157493 0.541678227172 0.408063083566 1.16247709309 1.43609240525 0.906365614597 0.584451552572
patient130 79.2189624312 90.7461012673 59.1793978409 0.609021711253 0.518257722801 1.19710188159 1.14550984363 0.655687690872 0.747035760438
patient131 127.190610174 122.015828496 75.7299088448 0.13764335533 0.229623457098 1.00249669428 0.95931475074 0.601298622168 0.595404871012
patient132 123.195057149 84.5193865319 78.1539838202 0.126748031789 0.206194230207 1.00808389289 0.686061506751 0.419765528185 0.634392203948
patient133 139.668839311 63.8922578488 75.04304029 0.14323497156 0.278701594236 1.04302579967 0.457455350555 0.297572067123 0.537292646377
patient134 49.8062961824 54.3397903284 55.0491666463 0.549258221971 0.487024452332 1.10860942283 1.09102251108 0.518235186441 1.10526521476
patient135 122.882031371 77.3346176447 77.8564490885 0.199872550531 0.499298459529 1.12542305505 0.629340325694 0.385250588068 0.633586930653
patient136 121.604276269 66.9291195704 77.6852659086 0.287213503726 0.418439946578 0.96204668377 0.550384588636 0.335838593633 0.638836628878
patient137 107.155274615 79.3453997595 71.4447234895 0.36316756655 0.46945105259 1.16836132015 0.740471246467 0.444263161264 0.66674014645
patient138 56.4573700535 54.8623091393 81.438121569 0.746624948431 0.384862244241 1.27023563156 0.97174751653 0.397854262629 1.44247104482
patient139 70.0958436993 69.7622809021 41.6131061462 0.63309225004 0.533417689983 1.05516393032 0.995241332731 0.624500373503 0.593660108076
patient140 80.4974014087 213.203700594 51.397396 0.593657758472 0.427440712968 0.910508773986 2.64857867288 1.61646785758 0.638497580053
patient141 60.7010268133 170.278448222 50.9655379267 0.712267795223 0.639392871372 0.999887921039 2.80519881064 1.52488301774 0.839615746261
patient142 42.8993721269 52.7791108675 54.6783889579 0.810637037304 0.602658108949 1.13607001151 1.23030031095 0.540892825176 1.27457317548
patient143 115.609040687 71.6469198215 75.7388875798 0.241909627194 0.626911175428 1.12555966713 0.619734576083 0.374432691645 0.655129452937
patient144 48.2617842862 45.4802643647 40.3288528256 0.728792554559 0.654987534226 1.0963115027 0.942365994904 0.513375519665 0.83562705818
patient145 97.9970112152 53.8504373571 110.196442142 0.178415833219 0.552077540422 1.08262548464 0.549511017625 0.258655766973 1.12448778566
patient146 46.6575964676 49.2802243393 47.560380025 0.790257094754 0.696853862762 1.22702431376 1.05621009375 0.523044817707 1.01934912267
patient147 49.628053839 129.279062974 47.2068023036 0.747967004364 0.477334742662 1.18353200849 2.6049593521 1.33504678092 0.9512120394
patient148 69.1283627982 51.5000698958 53.59200104 0.289172587435 0.355737519669 1.13454722015 0.744991893503 0.419653823417 0.775253439698
patient149 103.474249637 97.9067850647 70.5556644871 0.411176858652 0.550118119584 1.07059642847 0.946194685233 0.562585952867 0.681866887026
patient150 65.7118388534 62.1157870102 45.2109246036 0.682572349339 0.44201456641 1.3447949077 0.945275434289 0.559991340589 0.688017949161
