patient001 DCM 30 0 11 10 184.0 95.0 2.20353251747
patient002 DCM 30 0 11 10 160.0 70.0 1.76383420738
patient003 DCM 30 0 14 10 165.0 77.0 1.87860764043
patient004 DCM 28 0 14 10 159.0 46.0 1.42536545022
patient005 DCM 30 0 12 10 165.0 77.0 1.87860764043
patient006 DCM 28 0 15 11 180.0 70.0 1.87082869339
patient007 DCM 16 0 6 10 173.0 107.0 2.26758559804
patient008 DCM 28 0 12 10 180.0 100.0 2.2360679775
patient009 DCM 35 0 12 10 153.0 61.0 1.61012421881
patient010 DCM 28 0 12 10 170.0 68.0 1.79195734076
patient011 DCM 15 0 7 9 180.0 70.0 1.87082869339
patient012 DCM 30 0 12 10 160.0 59.0 1.61932770687
patient013 DCM 30 0 13 10 175.0 57.0 1.66458202962
patient014 DCM 30 0 12 10 175.0 75.0 1.90940653956
patient015 DCM 21 0 9 9 158.0 57.0 1.58166578855
patient016 DCM 30 0 11 10 173.0 54.0 1.61090036936
patient017 DCM 19 0 8 9 178.0 85.0 2.05006774956
patient018 DCM 13 0 9 8 161.0 79.0 1.87964240098
patient019 DCM 30 0 10 11 191.0 97.0 2.26856538122
patient020 DCM 20 0 10 8 182.0 106.0 2.31492740467
patient021 HCM 30 0 12 10 192.0 110.0 2.42212028328
patient022 HCM 28 0 10 7 165.0 42.0 1.38744369255
patient023 HCM 25 0 8 9 166.0 74.0 1.84722013367
patient024 HCM 28 0 8 8 175.0 85.0 2.03271848628
patient025 HCM 25 0 8 9 174.0 82.0 1.99081222955
patient026 HCM 28 0 11 10 170.0 70.0 1.81811868577
patient027 HCM 30 0 10 10 158.0 60.0 1.62275485929
patient028 HCM 28 0 8 10 177.0 76.0 1.93304595565
patient029 HCM 30 0 11 11 163.0 55.0 1.57806139861
patient030 HCM 35 0 11 10 150.0 54.0 1.5
patient031 HCM 30 0 9 10 176.0 89.0 2.08593171295
patient032 HCM 30 0 11 10 186.0 123.0 2.52091253319
patient033 HCM 30 0 13 10 165.0 89.0 2.0196946964
patient034 HCM 30 0 15 10 172.0 79.0 1.94279294945
patient035 HCM 28 0 10 13 170.0 80.0 1.94365063162
patient036 HCM 35 0 11 8 160.0 80.0 1.88561808316
patient037 HCM 30 0 11 7 169.0 105.0 2.22017266596
patient038 HCM 24 0 10 8 160.0 59.0 1.61932770687
patient039 HCM 28 0 9 9 175.0 100.0 2.20479275922
patient040 HCM 35 0 12 10 172.0 95.0 2.13046682417
patient041 MINF 17 0 10 6 170.0 70.0 1.81811868577
patient042 MINF 35 0 15 9 168.0 99.0 2.14941852602
patient043 MINF 13 0 6 12 165.0 76.0 1.86636902389
patient044 MINF 30 0 10 9 180.0 54.0 1.64316767252
patient045 MINF 35 0 12 8 174.0 68.0 1.81291661878
patient046 MINF 30 0 9 9 186.0 74.0 1.95533458347
patient047 MINF 22 0 8 9 180.0 82.0 2.02484567313
patient048 MINF 28 0 7 8 167.0 73.0 1.84021435949
patient049 MINF 35 0 10 7 171.0 72.0 1.84932420089
patient050 MINF 30 0 11 10 162.0 57.0 1.6015617378
patient051 MINF 30 0 10 10 170.0 91.0 2.07297424543
patient052 MINF 20 0 8 8 161.0 85.0 1.9497150789
patient053 MINF 30 0 11 7 176.0 77.0 1.94021762811
patient054 MINF 30 0 11 8 176.0 94.0 2.14372469211
patient055 MINF 25 0 9 9 180.0 82.0 2.02484567313
patient056 MINF 30 0 11 9 170.0 62.0 1.71107503569
patient057 MINF 25 0 8 8 175.0 80.0 1.97202659437
patient058 MINF 30 0 13 9 168.0 68.0 1.78138522878
patient059 MINF 30 0 8 9 173.0 68.0 1.80769958173
patient060 MINF 30 0 13 9 172.0 51.0 1.56098259653
patient061 NOR 30 0 9 9 187.0 95.0 2.22142346756
patient062 NOR 30 0 8 10 172.0 74.0 1.88030730349
patient063 NOR 35 0 15 8 165.0 49.0 1.49861046751
patient064 NOR 35 0 11 10 175.0 97.0 2.1714690368
patient065 NOR 30 0 13 8 180.0 92.0 2.14476105895
patient066 NOR 30 0 10 9 175.0 80.0 1.97202659437
patient067 NOR 30 0 9 10 178.0 60.0 1.72240142437
patient068 NOR 28 0 11 7 154.0 64.0 1.6546231528
patient069 NOR 30 0 11 7 160.0 53.0 1.53478192443
patient070 NOR 28 0 9 6 158.0 79.0 1.86204785712
patient071 NOR 30 0 8 10 169.0 61.0 1.69222076311
patient072 NOR 30 0 10 8 160.0 78.0 1.8618986725
patient073 NOR 35 0 9 7 185.0 96.0 2.22111083319
patient074 NOR 30 0 11 8 175.0 87.0 2.05649377988
patient075 NOR 14 0 5 14 179.0 93.0 2.15038756197
patient076 NOR 30 0 11 8 175.0 87.0 2.05649377988
patient077 NOR 25 0 8 8 180.0 75.0 1.9364916731
patient078 NOR 30 0 8 8 185.0 84.0 2.07765893897
patient079 NOR 30 0 10 9 178.0 80.0 1.98885785202
patient080 NOR 21 0 9 6 155.0 74.0 1.78496809807
patient081 RV 16 0 6 17 177.0 70.0 1.85517294791
patient082 RV 17 0 6 16 183.0 82.0 2.04164965979
patient083 RV 17 0 7 6 160.0 58.0 1.60554594384
patient084 RV 35 0 9 12 140.0 35.0 1.16666666667
patient085 RV 30 0 8 15 172.0 61.0 1.70717440364
patient086 RV 19 0 7 7 165.0 70.0 1.79118210502
patient087 RV 28 0 9 8 170.0 64.0 1.73845397472
patient088 RV 25 0 11 16 180.0 70.0 1.87082869339
patient089 RV 30 0 9 6 170.0 103.0 2.20542261004
patient090 RV 12 3 10 7 150.0 66.0 1.65831239518
patient091 RV 16 0 8 8 162.0 53.0 1.54434452115
patient092 RV 15 0 5 15 170.0 69.0 1.80508540887
patient093 RV 30 0 13 10 165.0 65.0 1.72602626477
patient094 RV 14 0 6 10 164.0 45.0 1.43178210633
patient095 RV 30 0 11 14 165.0 76.0 1.86636902389
patient096 RV 15 0 7 18 186.0 76.0 1.98158185969
patient097 RV 30 0 10 8 187.0 82.0 2.06384215589
patient098 RV 22 0 8 7 167.0 50.0 1.52297224021
patient099 RV 19 0 8 16 180.0 80.0 2.0
patient100 RV 34 0 12 8 165.0 63.0 1.6992645468
patient101 TEST 30 0 13 10 169.0 79.0 1.92577545709
patient102 TEST 30 0 12 8 156.0 75.0 1.80277563773
patient103 TEST 30 0 10 9 175.0 107.0 2.2806553639
patient104 TEST 30 0 10 9 180.0 74.0 1.92353840617
patient105 TEST 30 0 9 10 173.0 84.0 2.00914575546
patient106 TEST 30 0 12 9 181.0 91.0 2.1389898966
patient107 TEST 30 0 9 9 155.0 47.0 1.42253685756
patient108 TEST 30 0 8 10 170.0 90.0 2.06155281281
patient109 TEST 30 0 9 8 180.0 60.0 1.73205080757
patient110 TEST 30 0 10 9 167.0 116.0 2.31972220559
patient111 TEST 15 0 6 6 172.0 80.0 1.95505043982
patient112 TEST 30 0 11 10 172.0 90.0 2.07364413533
patient113 TEST 15 0 7 10 183.0 95.0 2.19753649951
patient114 TEST 30 0 10 11 172.0 80.0 1.95505043982
patient115 TEST 30 0 12 10 165.0 92.0 2.0534523775
patient116 TEST 30 0 8 10 165.0 83.0 1.95042730361
patient117 TEST 30 0 12 10 180.0 92.0 2.14476105895
patient118 TEST 25 0 9 9 176.0 80.0 1.97765292989
patient119 TEST 15 0 8 17 162.0 60.0 1.64316767252
patient120 TEST 25 0 7 9 161.0 55.0 1.56835015931
patient121 TEST 35 0 9 8 183.0 75.0 1.95256241898
patient122 TEST 14 0 5 9 165.0 65.0 1.72602626477
patient123 TEST 30 0 10 8 170.0 70.0 1.81811868577
patient124 TEST 15 0 6 21 174.0 64.0 1.7587874611
patient125 TEST 15 0 6 17 160.0 46.0 1.42984070597
patient126 TEST 15 0 6 16 137.0 35.0 1.15409897515
patient127 TEST 18 0 6 19 165.0 54.0 1.57321327226
patient128 TEST 30 0 10 9 170.0 74.0 1.86934331904
patient129 TEST 16 0 7 17 183.0 75.0 1.95256241898
patient130 TEST 30 0 10 10 185.0 95.0 2.20951226393
patient131 TEST 25 0 8 10 164.0 64.0 1.70749979665
patient132 TEST 30 0 14 10 163.0 80.0 1.90321365648
patient133 TEST 14 0 9 10 185.0 121.0 2.4936029266
patient134 TEST 35 0 14 11 185.0 104.0 2.31180545125
patient135 TEST 20 0 9 10 184.0 95.0 2.20353251747
patient136 TEST 24 0 11 10 167.0 89.0 2.03189840078
patient137 TEST 30 0 10 9 170.0 68.0 1.79195734076
patient138 TEST 30 0 9 9 174.0 90.0 2.08566536146
patient139 TEST 15 0 7 16 175.0 75.0 1.90940653956
patient140 TEST 15 0 8 20 165.0 68.0 1.76540835692
patient141 TEST 19 0 10 10 170.0 75.0 1.88193163177
patient142 TEST 30 0 11 8 160.0 98.0 2.086996779
patient143 TEST 30 0 11 10 161.0 85.0 1.9497150789
patient144 TEST 25 0 8 8 157.0 88.0 1.95902470066
patient145 TEST 30 0 12 10 171.0 80.0 1.94935886896
patient146 TEST 30 0 9 9 170.0 172.0 2.84995126664
patient147 TEST 19 0 8 15 172.0 104.0 2.22910046631
patient148 TEST 35 0 9 8 170.0 70.0 1.81811868577
patient149 TEST 25 0 11 10 173.0 70.0 1.83409075263
patient150 TEST 30 0 11 8 158.0 56.0 1.56773013551
